-2.612 0.418
-2.620 0.434
-2.637 0.465
-2.640 0.629
-2.636 0.475
-2.634 0.523
-2.636 0.493
-2.649 0.660
-2.644 0.542
-2.645 0.566
-2.652 0.656
-2.658 0.558
-2.661 0.624
-2.659 0.553
-2.657 0.566
-2.675 0.634
-2.663 0.547
-2.668 0.511
-2.671 0.492
-2.668 0.590
-2.678 0.645
-2.676 0.524
-2.674 0.505
-2.675 0.520
-2.697 0.637
-2.683 0.588
-2.700 0.792
-2.685 0.642
-2.692 0.565
-2.693 0.514
-2.692 0.554
-2.694 0.551
-2.694 0.590
-2.666 0.767
-2.692 0.604
-2.707 0.679
-2.689 0.610
-2.713 0.744
-2.714 0.736
-2.708 0.731
-2.687 0.810
-2.706 0.643
-2.689 0.676
-2.700 0.709
-2.695 0.766
-2.700 0.691
-2.712 0.659
-2.728 0.707
-2.725 0.543
-2.722 0.528
-2.721 0.618
-2.721 0.751
-2.723 0.701
-2.711 0.739
-2.701 0.618
-2.705 0.613
-2.723 0.620
-2.712 0.653
-2.707 0.668
-2.720 0.784
-2.740 0.704
-2.759 0.828
-2.728 0.604
-2.745 0.670
-2.745 0.787
-2.739 0.707
-2.739 0.661
-2.747 0.873
-2.743 0.598
-2.751 0.627
-2.759 0.673
-2.780 0.788
-2.750 0.597
-2.736 0.982
-2.765 0.668
-2.765 0.795
-2.782 0.762
-2.789 0.797
-2.755 0.842
-2.761 0.694
-2.750 0.698
-2.764 0.766
-2.782 1.058
-2.760 0.774
-2.761 0.981
-2.786 0.735
-2.798 0.825
-2.789 0.858
-2.799 0.838
-2.794 0.920
-2.765 0.872
-2.769 0.703
-2.770 0.676
-2.774 0.989
-2.764 0.904
-2.782 0.835
-2.807 1.613
-2.774 0.790
-2.776 0.875
-2.749 0.757
-2.755 0.704
-2.749 1.233
-2.762 1.271
-2.777 0.772
-2.791 0.860
-2.760 0.598
-2.764 0.601
-2.757 0.672
-2.775 0.726
-2.774 0.906
-2.774 0.800
-2.767 0.720
-2.785 0.727
-2.808 0.862
-2.807 0.841
-2.779 0.801
-2.814 0.903
-2.819 0.962
-2.825 1.043
-2.802 0.955
-2.776 1.204
-2.795 1.174
-2.753 0.930
-2.746 0.930
-2.769 0.849
-2.770 0.872
-2.772 0.856
-2.772 0.897
-2.791 0.831
-2.799 0.817
-2.804 0.728
-2.783 0.851
-2.802 0.795
-2.800 1.063
-2.803 0.828
-2.793 0.757
-2.819 0.846
-2.802 0.833
-2.781 0.697
-2.789 0.685
-2.797 0.763
-2.761 1.347
-2.780 0.836
-2.796 0.852
-2.795 0.715
-2.789 0.728
-2.794 0.858
-2.777 0.960
-2.768 0.952
-2.773 0.997
-2.774 0.822
-2.763 0.829
-2.768 1.206
-2.789 0.817
-2.781 0.837
-2.794 1.032
-2.826 1.208
-2.831 1.044
-2.834 1.072
-2.807 0.990
-2.800 0.772
-2.830 0.969
-2.823 0.969
-2.818 0.881
-2.795 0.754
-2.792 0.734
-2.801 0.788
-2.802 0.674
-2.792 0.821
-2.812 0.847
-2.811 0.879
-2.768 1.425
-2.773 1.159
-2.777 0.740
-2.782 1.181
-2.786 1.132
-2.787 0.821
-2.817 1.222
-2.796 0.792
-2.836 0.980
-2.888 1.500
-2.828 1.066
-2.805 1.108
-2.818 1.013
-2.825 1.022
-2.837 0.957
-2.810 1.077
-2.816 0.965
-2.819 0.974
-2.826 0.902
-2.828 0.860
-2.828 0.857
-2.816 0.807
-2.807 0.879
-2.802 0.899
-2.801 0.869
-2.831 0.790
-2.814 0.786
-2.799 1.095
-2.791 0.737
-2.814 0.709
-2.796 0.772
-2.856 1.092
-2.887 1.203
-2.845 0.888
-2.844 0.897
-2.874 1.065
-2.882 0.875
-2.849 0.848
-2.843 0.903
-2.824 0.833
-2.821 0.986
-2.834 0.771
-2.831 0.711
-2.831 0.761
-2.866 1.730
-2.883 1.362
-2.885 1.307
-2.842 0.976
-2.842 0.952
-2.843 0.850
-2.837 0.899
-2.843 0.914
-2.820 0.825
-2.838 0.851
-2.872 0.760
-2.899 0.939
-2.864 0.724
-2.865 0.807
-2.886 0.940
-2.872 0.842
-2.856 0.804
-2.868 0.830
-2.837 0.712
-2.857 0.860
-2.864 1.010
-2.854 1.044
-2.822 0.883
-2.803 0.787
-2.801 0.807
-2.805 0.837
-2.806 0.721
-2.822 0.763
-2.823 0.867
-2.848 0.894
-2.868 0.905
-2.880 0.972
-2.893 0.935
-2.830 0.992
-2.803 0.913
-2.836 1.049
-2.851 0.923
-2.816 0.862
-2.804 0.908
-2.798 0.904
-2.782 1.075
-2.788 0.822
-2.807 0.820
-2.811 0.890
-2.796 0.968
-2.812 0.882
-2.811 0.929
-2.792 0.978
-2.805 1.017
-2.835 0.971
-2.822 0.936
-2.824 0.973
-2.812 1.033
-2.817 0.928
-2.824 0.860
-2.803 0.976
-2.805 0.855
-2.790 0.808
-2.772 0.638
-2.791 0.714
-2.808 0.714
-2.808 0.829
-2.822 0.834
-2.824 0.853
-2.832 0.848
-2.849 1.044
-2.859 1.127
-2.821 0.828
-2.798 0.797
-2.775 0.917
-2.772 0.872
-2.800 1.042
-2.805 0.779
-2.825 0.839
-2.823 0.844
-2.814 0.861
-2.831 0.720
-2.830 0.782
-2.823 0.992
-2.786 0.790
-2.810 0.737
-2.815 0.737
-2.796 0.959
-2.774 0.960
-2.812 1.088
-2.823 0.836
-2.799 0.727
-2.799 0.705
-2.810 0.741
-2.832 0.834
-2.830 0.842
-2.817 0.837
-2.834 0.748
-2.840 0.692
-2.853 0.763
-2.853 0.950
-2.820 0.796
-2.825 0.985
-2.851 0.791
-2.846 1.025
-2.829 0.912
-2.819 0.749
-2.834 0.783
-2.851 0.855
-2.853 0.893
-2.814 0.833
-2.843 0.822
-2.856 0.844
-2.844 0.856
-2.865 1.066
-2.849 0.891
-2.846 0.918
-2.866 0.918
-2.848 0.903
-2.864 0.881
-2.838 0.890
-2.876 0.985
-2.851 1.112
-2.850 1.138
-2.876 0.927
-2.861 0.902
-2.816 0.854
-2.814 0.752
-2.831 0.858
-2.845 0.792
-2.805 0.829
-2.826 0.895
-2.798 0.883
-2.816 0.780
-2.811 0.872
-2.798 0.817
-2.809 0.842
-2.824 0.843
-2.815 0.838
-2.811 0.849
-2.791 1.031
-2.809 0.873
-2.790 0.861
-2.802 0.909
-2.821 0.906
-2.809 0.858
-2.837 1.032
-2.818 0.938
-2.844 0.969
-2.865 0.876
-2.896 1.053
-2.861 1.078
-2.848 1.079
-2.898 0.999
-2.887 1.028
-2.884 1.064
-2.850 1.135
-2.826 1.145
-2.802 1.195
-2.761 1.244
-2.760 1.321
-2.817 1.121
-2.829 1.068
-2.841 1.086
-2.862 1.093
-2.852 1.203
-2.837 1.055
-2.916 2.675
-2.852 0.845
-2.863 0.979
-2.869 0.893
-2.867 1.150
-2.849 0.934
-2.879 0.958
-2.847 1.320
-2.878 0.994
-2.883 0.815
-2.920 0.910
-2.904 0.929
-2.913 0.942
-2.882 0.840
-2.862 0.822
-2.906 1.118
-2.886 1.034
-2.894 1.020
-2.884 1.007
-2.856 0.954
-2.826 0.953
-2.797 1.184
-2.822 1.037
-2.861 0.954
-2.854 1.128
-2.856 1.067
-2.870 0.930
-2.866 0.869
-2.919 1.794
-2.894 1.019
-2.863 0.981
-2.853 0.984
-2.932 1.130
-2.928 0.969
-2.920 0.896
-2.908 1.030
-2.873 1.031
-2.832 1.072
-2.808 1.052
-2.825 0.778
-2.863 0.874
-2.846 0.901
-2.829 1.115
-2.898 0.889
-2.895 0.880
-2.886 0.877
-2.886 0.979
-2.873 0.807
-2.862 0.943
-2.882 0.927
-2.839 0.993
-2.850 0.885
-2.824 0.907
-2.843 0.878
-2.844 0.783
-2.849 0.915
-2.840 0.991
-2.854 0.923
-2.875 0.972
-2.875 1.040
-2.865 0.859
-2.881 0.959
-2.858 1.040
-2.882 1.127
-2.879 1.051
-2.866 0.914
-2.835 0.786
-2.845 0.842
-2.828 1.236
-2.854 1.240
-2.875 1.362
-2.851 1.050
-2.840 1.007
-2.844 1.093
-2.872 1.016
-2.874 1.011
-2.864 1.204
-2.849 1.112
-2.869 1.019
-2.855 1.021
-2.822 0.926
-2.809 0.808
-2.833 0.736
-2.810 0.913
-2.778 0.806
-2.807 1.188
-2.808 0.894
-2.819 1.001
-2.828 0.925
-2.835 0.993
-2.860 1.404
-2.852 1.418
-2.833 1.040
-2.847 1.147
-2.848 1.069
-2.817 0.973
-2.782 0.936
-2.853 1.300
-2.849 1.229
-2.805 0.769
-2.796 0.924
-2.808 0.858
-2.796 0.760
-2.817 0.827
-2.833 0.877
-2.850 0.899
-2.839 0.847
-2.834 0.849
-2.842 0.944
-2.836 1.212
-2.823 1.108
-2.887 0.952
-2.864 1.016
-2.820 1.259
-2.854 0.893
-2.827 0.799
-2.843 0.746
-2.853 0.940
-2.848 0.970
-2.847 1.012
-2.855 0.846
-2.857 0.906
-2.851 0.879
-2.816 0.885
