# distance - potential
0.000e+00 -4.246e-02
1.005e-01 -4.240e-02
2.010e-01 -4.234e-02
3.015e-01 -4.228e-02
4.020e-01 -4.222e-02
5.025e-01 -4.215e-02
6.030e-01 -4.209e-02
7.035e-01 -4.203e-02
8.040e-01 -4.197e-02
9.045e-01 -4.191e-02
1.005e+00 -4.185e-02
1.106e+00 -4.178e-02
1.206e+00 -4.172e-02
1.307e+00 -4.166e-02
1.407e+00 -4.160e-02
1.508e+00 -4.154e-02
1.608e+00 -4.148e-02
1.709e+00 -4.142e-02
1.809e+00 -4.135e-02
1.910e+00 -4.129e-02
2.010e+00 -4.123e-02
2.111e+00 -4.117e-02
2.211e+00 -4.111e-02
2.312e+00 -4.105e-02
2.412e+00 -4.098e-02
2.513e+00 -4.092e-02
2.613e+00 -4.086e-02
2.714e+00 -4.080e-02
2.814e+00 -4.074e-02
2.915e+00 -4.068e-02
3.015e+00 -4.062e-02
3.116e+00 -4.056e-02
3.216e+00 -4.049e-02
3.317e+00 -4.043e-02
3.417e+00 -4.037e-02
3.518e+00 -4.031e-02
3.618e+00 -4.025e-02
3.719e+00 -4.019e-02
3.819e+00 -4.013e-02
3.920e+00 -4.006e-02
4.020e+00 -4.000e-02
4.121e+00 -3.994e-02
4.221e+00 -3.988e-02
4.322e+00 -3.982e-02
4.422e+00 -3.976e-02
4.523e+00 -3.970e-02
4.623e+00 -3.964e-02
4.724e+00 -3.957e-02
4.824e+00 -3.951e-02
4.925e+00 -3.945e-02
5.025e+00 -3.939e-02
5.126e+00 -3.933e-02
5.226e+00 -3.927e-02
5.327e+00 -3.921e-02
5.427e+00 -3.915e-02
5.528e+00 -3.909e-02
5.628e+00 -3.902e-02
5.729e+00 -3.896e-02
5.829e+00 -3.890e-02
5.930e+00 -3.884e-02
6.030e+00 -3.878e-02
6.131e+00 -3.872e-02
6.231e+00 -3.866e-02
6.332e+00 -3.860e-02
6.432e+00 -3.854e-02
6.533e+00 -3.848e-02
6.633e+00 -3.841e-02
6.734e+00 -3.835e-02
6.834e+00 -3.829e-02
6.935e+00 -3.823e-02
7.035e+00 -3.817e-02
7.136e+00 -3.811e-02
7.236e+00 -3.805e-02
7.337e+00 -3.799e-02
7.437e+00 -3.793e-02
7.538e+00 -3.787e-02
7.638e+00 -3.781e-02
7.739e+00 -3.775e-02
7.839e+00 -3.769e-02
7.940e+00 -3.763e-02
8.040e+00 -3.756e-02
8.141e+00 -3.750e-02
8.241e+00 -3.744e-02
8.342e+00 -3.738e-02
8.442e+00 -3.732e-02
8.543e+00 -3.726e-02
8.643e+00 -3.720e-02
8.744e+00 -3.714e-02
8.844e+00 -3.708e-02
8.945e+00 -3.702e-02
9.045e+00 -3.696e-02
9.146e+00 -3.690e-02
9.246e+00 -3.684e-02
9.347e+00 -3.678e-02
9.447e+00 -3.672e-02
9.548e+00 -3.666e-02
9.648e+00 -3.660e-02
9.749e+00 -3.654e-02
9.849e+00 -3.648e-02
9.950e+00 -3.642e-02
1.005e+01 -3.636e-02
1.015e+01 -3.630e-02
1.025e+01 -3.624e-02
1.035e+01 -3.618e-02
1.045e+01 -3.612e-02
1.055e+01 -3.606e-02
1.065e+01 -3.600e-02
1.075e+01 -3.594e-02
1.085e+01 -3.588e-02
1.095e+01 -3.582e-02
1.106e+01 -3.576e-02
1.116e+01 -3.570e-02
1.126e+01 -3.564e-02
1.136e+01 -3.558e-02
1.146e+01 -3.552e-02
1.156e+01 -3.546e-02
1.166e+01 -3.540e-02
1.176e+01 -3.534e-02
1.186e+01 -3.528e-02
1.196e+01 -3.522e-02
1.206e+01 -3.516e-02
1.216e+01 -3.510e-02
1.226e+01 -3.504e-02
1.236e+01 -3.498e-02
1.246e+01 -3.492e-02
1.256e+01 -3.486e-02
1.266e+01 -3.481e-02
1.276e+01 -3.475e-02
1.286e+01 -3.469e-02
1.296e+01 -3.463e-02
1.307e+01 -3.457e-02
1.317e+01 -3.451e-02
1.327e+01 -3.445e-02
1.337e+01 -3.439e-02
1.347e+01 -3.433e-02
1.357e+01 -3.427e-02
1.367e+01 -3.421e-02
1.377e+01 -3.415e-02
1.387e+01 -3.410e-02
1.397e+01 -3.404e-02
1.407e+01 -3.398e-02
1.417e+01 -3.392e-02
1.427e+01 -3.386e-02
1.437e+01 -3.380e-02
1.447e+01 -3.374e-02
1.457e+01 -3.368e-02
1.467e+01 -3.363e-02
1.477e+01 -3.357e-02
1.487e+01 -3.351e-02
1.497e+01 -3.345e-02
1.508e+01 -3.339e-02
1.518e+01 -3.333e-02
1.528e+01 -3.327e-02
1.538e+01 -3.322e-02
1.548e+01 -3.316e-02
1.558e+01 -3.310e-02
1.568e+01 -3.304e-02
1.578e+01 -3.298e-02
1.588e+01 -3.292e-02
1.598e+01 -3.287e-02
1.608e+01 -3.281e-02
1.618e+01 -3.275e-02
1.628e+01 -3.269e-02
1.638e+01 -3.263e-02
1.648e+01 -3.258e-02
1.658e+01 -3.252e-02
1.668e+01 -3.246e-02
1.678e+01 -3.240e-02
1.688e+01 -3.235e-02
1.698e+01 -3.229e-02
1.709e+01 -3.223e-02
1.719e+01 -3.217e-02
1.729e+01 -3.211e-02
1.739e+01 -3.206e-02
1.749e+01 -3.200e-02
1.759e+01 -3.194e-02
1.769e+01 -3.188e-02
1.779e+01 -3.183e-02
1.789e+01 -3.177e-02
1.799e+01 -3.171e-02
1.809e+01 -3.166e-02
1.819e+01 -3.160e-02
1.829e+01 -3.154e-02
1.839e+01 -3.148e-02
1.849e+01 -3.143e-02
1.859e+01 -3.137e-02
1.869e+01 -3.131e-02
1.879e+01 -3.126e-02
1.889e+01 -3.120e-02
1.899e+01 -3.114e-02
1.910e+01 -3.108e-02
1.920e+01 -3.103e-02
1.930e+01 -3.097e-02
1.940e+01 -3.091e-02
1.950e+01 -3.086e-02
1.960e+01 -3.080e-02
1.970e+01 -3.074e-02
1.980e+01 -3.069e-02
1.990e+01 -3.063e-02
2.000e+01 -3.058e-02
