-1.083 0.443
-1.088 0.431
-1.096 0.411
-1.094 0.444
-1.102 0.379
-1.088 0.555
-1.089 0.547
-1.093 0.432
-1.093 0.478
-1.092 0.403
-1.091 0.474
-1.094 0.390
-1.092 0.446
-1.101 0.372
-1.100 0.392
-1.105 0.401
-1.102 0.415
-1.087 0.613
-1.099 0.434
-1.096 0.497
-1.103 0.403
-1.096 0.441
-1.103 0.389
-1.098 0.447
-1.099 0.427
-1.107 0.411
-1.103 0.401
-1.107 0.414
-1.103 0.435
-1.090 0.465
-1.095 0.441
-1.078 0.654
-1.089 0.512
-1.095 0.472
-1.102 0.447
-1.110 0.395
-1.112 0.387
-1.103 0.397
-1.100 0.433
-1.100 0.400
-1.111 0.343
-1.104 0.361
-1.105 0.360
-1.105 0.393
-1.099 0.478
-1.112 0.385
-1.116 0.363
-1.113 0.345
-1.109 0.376
-1.101 0.467
-1.109 0.418
-1.109 0.420
-1.109 0.401
-1.111 0.389
-1.102 0.457
-1.093 0.531
-1.105 0.478
-1.109 0.481
-1.098 0.641
-1.129 0.359
-1.126 0.437
-1.129 0.431
-1.126 0.400
-1.124 0.375
-1.120 0.375
-1.114 0.396
-1.115 0.415
-1.100 0.867
-1.116 0.462
-1.123 0.413
-1.122 0.392
-1.123 0.393
-1.124 0.461
-1.136 0.348
-1.128 0.369
-1.124 0.407
-1.124 0.396
-1.111 0.558
-1.120 0.395
-1.112 0.486
-1.121 0.464
-1.114 0.480
-1.114 0.494
-1.115 0.491
-1.121 0.468
-1.129 0.376
-1.133 0.355
-1.127 0.379
-1.119 0.444
-1.130 0.379
-1.128 0.384
-1.131 0.403
-1.126 0.392
-1.128 0.370
-1.122 0.404
-1.124 0.404
-1.122 0.414
-1.125 0.392
-1.125 0.394
-1.128 0.370
-1.126 0.381
-1.133 0.351
-1.131 0.369
-1.128 0.429
-1.139 0.367
-1.138 0.358
-1.135 0.372
-1.131 0.390
-1.132 0.386
-1.128 0.489
-1.143 0.374
-1.141 0.397
-1.126 0.699
-1.144 0.419
-1.150 0.380
-1.143 0.413
-1.136 0.458
-1.135 0.421
-1.133 0.414
-1.130 0.429
-1.130 0.455
-1.125 0.424
-1.127 0.434
-1.126 0.457
-1.142 0.402
-1.139 0.386
-1.137 0.424
-1.135 0.421
-1.143 0.382
-1.140 0.428
-1.140 0.421
-1.140 0.401
-1.143 0.385
-1.146 0.377
-1.144 0.396
-1.144 0.402
-1.149 0.390
-1.146 0.407
-1.143 0.418
-1.134 0.529
-1.137 0.513
-1.138 0.453
-1.138 0.502
-1.139 0.419
-1.141 0.411
-1.133 0.439
-1.136 0.437
-1.135 0.437
-1.138 0.406
-1.142 0.389
-1.137 0.443
-1.128 0.500
-1.106 0.791
-1.135 0.455
-1.131 0.486
-1.134 0.539
-1.139 0.516
-1.139 0.593
-1.156 0.365
-1.156 0.347
-1.153 0.368
-1.147 0.460
-1.141 0.451
-1.149 0.389
-1.138 0.437
-1.148 0.441
-1.149 0.452
-1.142 0.476
-1.143 0.460
-1.157 0.358
-1.144 0.418
-1.144 0.403
-1.150 0.383
-1.140 0.419
-1.139 0.416
-1.138 0.421
-1.138 0.437
-1.139 0.398
-1.128 0.452
-1.123 0.503
-1.123 0.562
-1.133 0.421
-1.141 0.377
-1.130 0.414
-1.129 0.422
-1.118 0.519
-1.127 0.437
-1.131 0.409
-1.132 0.436
-1.142 0.367
-1.147 0.344
-1.149 0.356
-1.137 0.400
-1.137 0.379
-1.133 0.475
-1.132 0.443
-1.136 0.418
-1.146 0.395
-1.140 0.380
-1.140 0.393
-1.126 0.457
-1.132 0.432
-1.135 0.434
-1.113 0.955
-1.133 0.467
-1.129 0.468
-1.138 0.405
-1.141 0.404
-1.129 0.498
-1.134 0.441
-1.141 0.394
-1.131 0.504
-1.129 0.460
-1.142 0.357
-1.138 0.385
-1.134 0.414
-1.133 0.417
-1.126 0.476
-1.133 0.408
-1.133 0.439
-1.140 0.396
-1.146 0.351
-1.142 0.388
-1.131 0.441
-1.136 0.426
-1.133 0.429
-1.131 0.433
-1.104 0.741
-1.124 0.443
-1.127 0.416
-1.127 0.417
-1.123 0.462
-1.127 0.437
-1.130 0.432
-1.122 0.438
-1.134 0.382
-1.135 0.397
-1.120 0.439
-1.117 0.446
-1.121 0.415
-1.127 0.384
-1.125 0.421
-1.124 0.398
-1.126 0.383
-1.125 0.406
-1.127 0.402
-1.133 0.356
-1.122 0.406
-1.126 0.382
-1.127 0.367
-1.124 0.416
-1.125 0.383
-1.116 0.435
-1.121 0.385
-1.120 0.399
-1.118 0.395
-1.110 0.471
-1.116 0.397
-1.118 0.387
-1.103 0.555
-1.106 0.503
-1.108 0.435
-1.104 0.552
-1.109 0.442
-1.113 0.428
-1.111 0.482
-1.120 0.420
-1.105 0.505
-1.114 0.441
-1.110 0.498
-1.113 0.494
-1.119 0.415
-1.119 0.418
-1.121 0.416
-1.119 0.448
-1.124 0.415
-1.119 0.437
-1.119 0.440
-1.117 0.448
-1.109 0.469
-1.112 0.464
-1.012 2.736
-1.102 0.536
-1.109 0.454
-1.105 0.531
-1.104 0.520
-1.108 0.546
-1.114 0.435
-1.107 0.487
-1.113 0.448
-1.119 0.429
-1.113 0.432
-1.100 0.494
-1.091 0.624
-1.108 0.467
-1.114 0.442
-1.108 0.507
-1.103 0.539
-1.103 0.461
-1.109 0.448
-1.100 0.510
-1.107 0.482
-1.108 0.462
-1.113 0.458
-1.097 0.654
-1.108 0.463
-1.129 0.402
-1.135 0.395
-1.127 0.435
-1.129 0.418
-1.125 0.436
-1.140 0.394
-1.133 0.401
-1.129 0.448
-1.128 0.463
-1.136 0.470
-1.129 0.458
-1.122 0.584
-1.128 0.543
-1.129 0.493
-1.133 0.444
-1.132 0.462
-1.124 0.499
-1.128 0.469
-1.121 0.553
-1.133 0.420
-1.136 0.424
-1.139 0.436
-1.139 0.431
-1.143 0.403
-1.137 0.485
-1.127 0.551
-1.107 0.666
-1.116 0.731
-1.112 0.744
-1.113 0.596
-1.136 0.421
-1.129 0.456
-1.135 0.450
-1.123 0.496
-1.131 0.456
-1.123 0.519
-1.129 0.439
-1.126 0.446
-1.122 0.464
-1.133 0.416
-1.129 0.440
-1.131 0.409
-1.131 0.406
-1.130 0.433
-1.130 0.434
-1.131 0.433
-1.128 0.509
-1.140 0.397
-1.144 0.402
-1.144 0.452
-1.142 0.440
-1.133 0.472
-1.145 0.414
-1.149 0.407
-1.141 0.447
-1.144 0.419
-1.139 0.436
-1.137 0.456
-1.143 0.426
-1.142 0.434
-1.149 0.417
-1.154 0.390
-1.146 0.476
-1.142 0.477
-1.131 0.586
-1.133 0.488
-1.139 0.459
-1.137 0.454
-1.143 0.423
-1.149 0.414
-1.158 0.368
-1.153 0.409
-1.151 0.451
-1.154 0.397
-1.146 0.402
-1.150 0.410
-1.147 0.403
-1.141 0.424
-1.143 0.423
-1.138 0.472
-1.131 0.540
-1.139 0.530
-1.136 0.497
-1.144 0.431
-1.149 0.395
-1.140 0.423
-1.136 0.420
-1.132 0.463
-1.119 0.615
-1.146 0.364
-1.145 0.408
-1.144 0.407
-1.140 0.441
-1.126 0.518
-1.132 0.453
-1.128 0.549
-1.144 0.418
-1.137 0.452
-1.137 0.448
-1.134 0.468
-1.129 0.577
-1.136 0.518
-1.126 0.556
-1.126 0.540
-1.126 0.517
-1.133 0.412
-1.132 0.462
-1.142 0.413
-1.141 0.366
-1.132 0.398
-1.132 0.391
-1.130 0.412
-1.121 0.570
-1.112 0.615
-1.114 0.584
-1.111 0.612
-1.117 0.494
-1.114 0.524
-1.120 0.489
-1.128 0.398
-1.124 0.414
-1.126 0.394
-1.123 0.398
-1.114 0.449
-1.119 0.429
-1.123 0.429
-1.126 0.405
-1.131 0.396
-1.128 0.412
-1.133 0.392
-1.137 0.377
-1.137 0.368
-1.136 0.365
-1.125 0.411
-1.124 0.437
-1.128 0.432
-1.127 0.464
-1.121 0.464
-1.117 0.537
-1.129 0.421
-1.121 0.503
-1.126 0.481
-1.125 0.434
-1.115 0.581
-1.112 0.546
-1.114 0.530
-1.118 0.535
-1.126 0.512
-1.118 0.551
-1.131 0.451
-1.127 0.610
-1.130 0.510
-1.120 0.527
-1.123 0.475
-1.119 0.483
-1.116 0.562
-1.130 0.402
-1.133 0.406
-1.126 0.438
-1.127 0.453
-1.131 0.477
-1.136 0.430
-1.141 0.385
-1.140 0.380
-1.133 0.405
-1.127 0.428
-1.131 0.427
-1.128 0.428
-1.135 0.390
-1.128 0.438
-1.132 0.429
-1.130 0.428
-1.134 0.424
-1.128 0.627
-1.118 0.757
-1.115 0.809
-1.133 0.451
-1.132 0.424
-1.123 0.517
-1.129 0.444
-1.128 0.424
-1.114 0.535
-1.107 0.514
-1.113 0.479
-1.115 0.466
-1.083 1.068
-1.099 0.561
-1.093 0.671
-1.105 0.533
-1.118 0.424
-1.107 0.487
-1.109 0.500
-1.111 0.475
-1.114 0.461
-1.109 0.486
