# iteration - energy - variance
0 -1.147 0.164
1 -1.147 0.164
2 -0.896 3.350
3 -1.090 0.389
4 -0.911 1.670
5 -0.781 2.611
6 -1.000 1.106
7 -1.149 0.138
8 -1.084 0.506
9 -1.059 1.030
10 -1.117 0.284
11 -1.136 0.270
12 -1.149 0.273
13 -1.123 0.257
14 -1.075 0.283
15 -1.040 0.340
16 -1.036 0.348
17 -1.062 0.302
18 -1.101 0.259
19 -1.135 0.257
20 -1.065 0.284
21 -1.052 0.293
22 -1.048 0.296
23 -1.053 0.290
24 -1.065 0.280
25 -1.078 0.276
26 -1.087 0.286
27 -1.092 0.312
28 -1.093 0.332
29 -1.093 0.329
30 -1.136 0.110
31 -1.131 0.117
32 -1.131 0.119
33 -1.133 0.113
34 -1.139 0.107
35 -1.145 0.106
36 -1.149 0.111
37 -1.151 0.116
38 -1.150 0.113
39 -1.147 0.107
40 -1.170 0.079
41 -1.160 0.105
42 -1.156 0.120
43 -1.158 0.114
44 -1.164 0.093
45 -1.174 0.072
46 -1.184 0.066
47 -1.190 0.070
48 -1.188 0.068
49 -1.181 0.066
50 -1.146 0.153
