21.444 1.168 21.191 1.027
21.317 0.933 21.155 1.014
21.251 0.894 21.171 1.031
21.274 0.952 21.147 0.976
21.267 0.913 21.141 1.003
21.239 0.897 21.104 0.965
21.235 0.880 21.095 0.923
21.231 0.883 21.049 0.863
21.184 0.845 21.002 0.809
21.221 0.863 21.010 0.818
21.235 0.891 21.029 0.822
21.220 0.923 21.066 0.882
21.202 0.915 21.040 0.891
21.131 0.848 21.033 0.854
21.108 0.828 20.986 0.846
21.107 0.828 20.947 0.836
21.124 0.872 20.937 0.777
21.134 0.872 20.967 0.816
21.100 0.838 20.931 0.741
21.104 0.849 20.894 0.723
21.081 0.851 20.900 0.725
21.115 0.926 20.877 0.740
21.085 0.829 20.863 0.703
21.049 0.837 20.848 0.719
21.048 0.769 20.850 0.704
20.996 0.714 20.836 0.679
20.998 0.730 20.847 0.683
20.999 0.729 20.852 0.684
21.027 0.716 20.866 0.705
21.005 0.703 20.841 0.695
20.941 0.675 20.839 0.670
20.967 0.714 20.806 0.652
20.944 0.694 20.810 0.661
20.922 0.672 20.788 0.635
20.905 0.658 20.780 0.644
20.884 0.636 20.770 0.676
20.879 0.654 20.787 0.667
20.868 0.670 20.767 0.636
20.849 0.675 20.791 0.628
20.845 0.702 20.769 0.611
20.810 0.672 20.752 0.608
20.822 0.719 20.754 0.583
20.833 0.735 20.781 0.611
20.861 0.747 20.773 0.588
20.881 0.738 20.802 0.623
20.890 0.747 20.810 0.597
20.894 0.738 20.788 0.566
20.939 0.807 20.793 0.573
20.948 0.803 20.778 0.551
20.900 0.751 20.779 0.563
20.892 0.738 20.789 0.561
20.877 0.712 20.779 0.556
20.866 0.712 20.795 0.588
20.840 0.684 20.784 0.595
20.841 0.695 20.793 0.617
20.825 0.717 20.793 0.608
20.833 0.712 20.812 0.596
20.802 0.690 20.797 0.599
20.833 0.719 20.832 0.663
20.810 0.674 20.813 0.631
20.813 0.680 20.798 0.648
20.828 0.682 20.849 0.673
20.790 0.648 20.834 0.667
20.768 0.627 20.825 0.618
20.772 0.640 20.799 0.588
20.749 0.640 20.809 0.607
20.735 0.621 20.842 0.633
20.765 0.622 20.847 0.611
20.777 0.666 20.834 0.606
20.763 0.657 20.832 0.604
20.771 0.660 20.818 0.566
20.761 0.657 20.849 0.581
20.745 0.660 20.826 0.589
20.722 0.623 20.804 0.573
20.752 0.672 20.827 0.573
20.736 0.619 20.819 0.536
20.733 0.615 20.802 0.566
20.726 0.620 20.797 0.560
20.731 0.644 20.836 0.576
20.724 0.652 20.820 0.533
20.709 0.606 20.813 0.572
20.719 0.661 20.775 0.542
20.698 0.636 20.762 0.547
20.721 0.677 20.757 0.562
20.723 0.653 20.757 0.577
20.717 0.650 20.748 0.571
20.716 0.584 20.740 0.583
20.700 0.512 20.737 0.600
20.714 0.512 20.735 0.577
20.713 0.485 20.752 0.594
20.719 0.468 20.787 0.606
20.728 0.438 20.766 0.597
20.738 0.443 20.776 0.638
20.724 0.445 20.768 0.632
20.738 0.445 20.763 0.598
20.737 0.430 20.751 0.606
20.773 0.449 20.715 0.584
20.765 0.445 20.700 0.575
20.773 0.456 20.706 0.587
20.799 0.477 20.709 0.565
20.821 0.485 20.708 0.565
